0.94028 0.12122 0.31808
0.55557 0.46933 0.68635
0.72467 0.17613 0.66621
0.37715 0.04332 0.92514
0.61272 0.676 0.4094
0.16833 0.34164 0.92464
0.7302 0.68321 0.0060339
0.044108 0.5319 0.84566
0.26261 0.59492 0.75967
0.19359 0.090776 0.97687
0.07432 0.69672 0.71348
0.59716 0.58055 0.5535
0.52948 0.56836 0.62978
0.30365 0.77862 0.54914
0.73354 0.2959 0.61185
0.049184 0.88139 0.46982
0.57929 0.75985 0.29505
0.52704 0.73215 0.43149
0.76424 0.27461 0.58355
0.6762 0.21142 0.70572
0.32867 0.79435 0.51087
0.72706 0.33804 0.59759
0.3535 0.63821 0.68391
0.48607 0.74161 0.46232
0.58181 0.024599 0.81295
0.7964 0.56527 0.21496
0.31496 0.09936 0.94389
0.54383 0.64175 0.54075
0.5404 0.81596 0.20536
0.32058 0.13198 0.93798
0.11581 0.9142 0.38837
0.63913 0.023312 0.76875
0.67368 0.48001 0.56191
0.39538 0.91037 0.12205
0.5128 0.468 0.71973
0.18027 0.71312 0.67746
0.61376 0.73445 0.28962
0.31841 0.78131 0.53682
0.65185 0.17762 0.73725
0.68972 0.21489 0.69145
0.7589 0.15515 0.63246
0.78421 0.034187 0.61956
0.80481 0.15728 0.57231
0.18147 0.80698 0.562
0.11067 0.69655 0.70892
0.35702 0.49143 0.79438
0.66518 0.32489 0.6723
0.24136 0.93432 0.2623
0.58395 0.67811 0.44629
0.26209 0.72824 0.63322
0.55849 0.59397 0.57904
0.41306 0.90504 0.10139
0.30987 0.5307 0.78888
0.28542 0.75297 0.59293
0.92116 0.36509 0.13482
0.44528 0.27802 0.85113
0.30061 0.58144 0.75601
0.77087 0.48975 0.40731
0.55228 0.38839 0.73766
0.66303 0.72686 0.17907
0.68579 0.56117 0.46344
0.40828 0.8335 0.37227
0.72982 0.53184 0.42954
0.592 0.45836 0.6629
0.57019 0.76708 0.29406
0.87454 0.12721 0.46798
0.087177 0.82698 0.55543
0.051222 0.94578 0.32073
0.51924 0.34681 0.7811
0.49029 0.61116 0.62137
0.92585 0.34342 0.15766
0.14017 0.95657 0.25559
0.56227 0.44946 0.69415
0.64341 0.5667 0.51467
0.011928 0.21821 0.97583
0.32518 0.1212 0.93785
0.22151 0.42191 0.87916
0.57656 0.52706 0.62433
0.33342 0.83872 0.43055
0.49073 0.64416 0.58673
0.1658 0.009811 0.98611
0.51126 0.71613 0.47516
0.19647 0.68911 0.69752
0.52689 0.62103 0.58026
0.8173 0.050588 0.57399
0.70976 0.35878 0.60624
0.36947 0.5776 0.72792
0.11019 0.95896 0.26124
0.44989 0.44065 0.7768
0.66418 0.19566 0.72151
0.19076 0.84256 0.5037
0.71232 0.41187 0.5683
0.44084 0.51075 0.7381
0.69761 0.16559 0.69708
0.11475 0.26 0.95877
0.46766 0.87646 0.11455
0.13759 0.98939 0.04659
0.6514 0.63283 0.41857
0.0080269 0.18687 0.98235
0.62061 0.14594 0.77042
0.7356 0.089189 0.67152
0.72557 0.40907 0.55336
0.14965 0.34251 0.92752
0.39392 0.88275 0.25608
0.25951 0.098952 0.96066
0.82791 0.045702 0.559
0.61157 0.79002 0.042911
0.65877 0.55883 0.50372
0.28735 0.49292 0.82125
0.81368 0.55206 0.18208
0.15106 0.35181 0.9238
0.32837 0.50713 0.79686
0.84089 0.49349 0.2222
0.53581 0.83774 0.10532
0.61686 0.70556 0.34881
0.50163 0.35137 0.79051
0.74657 0.34208 0.57063
0.99062 0.086977 0.10536
0.52299 0.74701 0.41045
0.70551 0.59345 0.38739
0.28915 0.71786 0.63331
0.081827 0.87421 0.47861
0.25799 0.52223 0.81285
0.11356 0.82368 0.55557
0.22531 0.16851 0.9596
0.50851 0.82651 0.24145
0.29567 0.65711 0.69339
0.0397 0.73355 0.67847
0.78374 0.61953 0.043972
0.7734 0.50617 0.38163
0.71996 0.50351 0.47764
0.3978 0.76105 0.5124
0.79019 0.29195 0.53885
0.69438 0.56364 0.44738
0.38537 0.67471 0.62949
0.10769 0.80681 0.58091
0.79284 0.40471 0.45566
0.46079 0.88652 0.041881
0.23931 0.82699 0.50875
0.61356 0.48983 0.61936
0.16894 0.96729 0.18924
0.1211 0.89847 0.42199
0.79832 0.4655 0.38209
0.82997 0.28682 0.47842
0.49264 0.53055 0.6898
0.075627 0.45624 0.88664
0.19927 0.64207 0.74029
0.64611 0.75724 0.095487
0.83594 0.50119 0.22363
0.018488 0.83385 0.55168
0.031489 0.71193 0.70154
0.19383 0.37592 0.90615
0.56339 0.72716 0.3922
0.66998 0.67671 0.30529
0.56093 0.82628 0.051175
0.51954 0.03678 0.85365
0.66169 0.43168 0.61304
0.39356 0.88011 0.26553
0.82423 0.31157 0.47282
0.55186 0.67285 0.49267
0.55299 0.5726 0.60526
0.24535 0.83503 0.49247
0.31463 0.50429 0.80417
0.68759 0.72586 0.018874
0.68474 0.041735 0.72759
0.11241 0.48328 0.86822
0.79761 0.38735 0.46236
0.74542 0.2315 0.62511
0.4309 0.63295 0.6432
0.45149 0.88689 0.097878
0.43622 0.27485 0.85683
0.38643 0.92214 0.018116
0.84264 0.22829 0.48769
0.51248 0.83951 0.18052
0.65764 0.11148 0.74504
0.80192 0.59346 0.068789
0.68417 0.38881 0.61704
0.3456 0.73642 0.5816
0.70199 0.43575 0.56332
0.47259 0.43424 0.76687
0.37066 0.92689 0.059132
0.72582 0.27297 0.63141
0.78377 0.40215 0.47327
0.42032 0.73614 0.53049
0.94447 0.064177 0.32228
0.46608 0.77248 0.43133
0.27456 0.25006 0.92848
0.25012 0.55391 0.79412
0.53902 0.67124 0.50882
0.32081 0.93966 0.11886
0.91768 0.3924 0.062323
0.21523 0.68545 0.69558
0.19496 0.69997 0.68705
0.23968 0.027039 0.97047
0.53946 0.19874 0.81822
0.30531 0.68308 0.66347
0.34965 0.73207 0.58465
0.68523 0.1716 0.70782
0.72378 0.67883 0.12382
0.60963 0.40249 0.6829
0.74093 0.2198 0.6346
0.71798 0.18895 0.66993
0.4588 0.34673 0.81809
0.31701 0.43431 0.84313
0.56212 0.75804 0.33075
0.43064 0.12818 0.89338
0.44949 0.66805 0.59302
0.6748 0.24262 0.69698
0.53278 0.82195 0.20134
0.81151 0.45529 0.36629
0.25785 0.055118 0.96461
0.13071 0.38112 0.91524
0.30353 0.75297 0.58387
0.30961 0.77182 0.55538
0.5675 0.72904 0.38267
0.46024 0.62189 0.63359
0.071265 0.74471 0.66357
0.50807 0.10606 0.85476
0.8293 0.31439 0.46197
0.062322 0.098519 0.99318
0.93884 0.19758 0.28204
0.5947 0.58642 0.54995
0.38918 0.57487 0.71977
0.41636 0.63175 0.65386
0.24296 0.59636 0.76507
0.86192 0.13278 0.48935
0.6414 0.61454 0.45929
0.55896 0.81817 0.13476
0.85837 0.47099 0.20342
0.37293 0.87545 0.30741
0.44082 0.88793 0.1314
0.55954 0.64168 0.52456
0.62773 0.77547 0.067809
0.39155 0.42891 0.81408
0.39189 0.50195 0.77102
0.67416 0.38261 0.63176
0.067078 0.47829 0.87563
0.66469 0.56245 0.49176
0.66603 0.36747 0.64913
0.68721 0.55828 0.46482
0.23007 0.71726 0.65773
0.25675 0.13601 0.95686
0.57517 0.81565 0.062473
0.81252 0.43327 0.38998
0.10841 0.6257 0.77249
0.64194 0.69451 0.3249
0.14345 0.89826 0.41539
0.96408 0.19687 0.17831
0.47479 0.020711 0.87985
0.80409 0.57783 0.13983
0.84736 0.35649 0.39358
0.57103 0.59358 0.56709
0.6291 0.69264 0.35281
0.44168 0.37884 0.81326
0.57639 0.66059 0.48102
0.17154 0.77711 0.60553
0.050984 0.9975 0.048967
0.58572 0.69588 0.41554
0.46797 0.88323 0.030017
0.4352 0.49799 0.75007
0.74756 0.60186 0.28093
0.51152 0.48375 0.71017
0.92829 0.038861 0.36982
0.76079 0.39527 0.51474
0.57745 0.46333 0.67222
0.74052 0.66923 0.061359
0.43728 0.89002 0.12903
0.24797 0.96853 0.021309
0.63673 0.59581 0.48947
0.02759 0.81699 0.576
0.78268 0.59517 0.18218
0.16676 0.58905 0.7907
0.67521 0.60199 0.42627
0.60575 0.79342 0.059677
0.59728 0.79776 0.082679
0.88526 0.38857 0.25558
0.058087 0.63705 0.76863
0.98556 0.10413 0.13353
0.08969 0.85973 0.5028
0.10012 0.93456 0.34142
0.4854 0.86884 0.097538
0.081642 0.68446 0.72447
0.69354 0.41075 0.59186
0.61288 0.5673 0.55005
0.68293 0.39424 0.61496
0.13494 0.87503 0.46487
0.53542 0.80196 0.26494
0.43013 0.71674 0.54889
0.92279 0.36882 0.1115
0.80508 0.56411 0.18337
0.95537 0.29447 0.023593
0.34293 0.59278 0.7287
0.31303 0.63914 0.70251
0.66693 0.73837 0.10009
0.11389 0.76176 0.63777
0.14819 0.66639 0.73073
0.46941 0.40305 0.78562
0.31588 0.72699 0.60968
0.7572 0.4102 0.50832
0.86095 0.22041 0.45846
0.064301 0.95663 0.28412
0.34896 0.66651 0.65878
0.38597 0.64647 0.65811
0.47026 0.3215 0.82188
0.64097 0.65694 0.39699
0.47938 0.50709 0.71628
0.71755 0.30182 0.62771
0.54105 0.51055 0.66829
0.015584 0.27701 0.96074
0.78948 0.57496 0.2148
0.4045 0.68571 0.60513
0.082069 0.69246 0.71678
0.40961 0.90914 0.075432
0.37373 0.73575 0.56479
0.53503 0.54401 0.64637
0.42459 0.86895 0.25425
0.67188 0.58909 0.44895
0.67554 0.44748 0.58602
0.068884 0.75156 0.65606
0.71189 0.31457 0.62791
0.28145 0.47734 0.83243
0.49062 0.82823 0.27079
0.45603 0.73615 0.50012
0.79084 0.60471 0.094342
0.62915 0.028032 0.77678
0.67458 0.46304 0.57493
0.28346 0.41233 0.86582
0.72644 0.45364 0.51623
0.91119 0.16004 0.37962
0.45891 0.69347 0.55543
0.58291 0.27125 0.76593
0.76214 0.28155 0.58298
0.16998 0.32703 0.9296
0.28882 0.84763 0.4451
0.87315 0.47766 0.097171
0.25991 0.8535 0.45165
0.058097 0.70538 0.70644
0.69582 0.49364 0.52169
0.82583 0.48262 0.29168
0.57348 0.5635 0.59462
0.19549 0.97616 0.094311
0.40751 0.79791 0.44415
0.6797 0.59023 0.43547
0.74214 0.62891 0.23172
0.67524 0.57997 0.45573
0.82012 0.057964 0.56925
0.90933 0.11882 0.39874
0.85752 0.37352 0.35375
0.50743 0.86169 0.0017506
0.7189 0.5065 0.47607
0.65847 0.015957 0.75244
0.1169 0.52329 0.8441
0.9847 0.15931 0.070579
0.2396 0.15521 0.95838
0.5124 0.84083 0.17449
0.43778 0.64528 0.62607
0.19584 0.75768 0.62255
0.2595 0.51002 0.82009
0.52278 0.8445 0.11632
0.33382 0.69655 0.63513
0.78272 0.48941 0.38449
0.93477 0.31456 0.16511
0.71299 0.41984 0.56159
0.40313 0.57655 0.71068
0.93267 0.11344 0.34244
0.10418 0.8582 0.50263
0.67476 0.048121 0.73647
0.80165 0.39751 0.44647
0.6037 0.61025 0.51298
0.41595 0.62942 0.65636
0.69525 0.71762 0.04068
0.025885 0.94126 0.33669
0.3353 0.69876 0.63191
0.30024 0.89397 0.33268
0.61291 0.72412 0.31622
0.29792 0.43094 0.85178
0.39967 0.84857 0.34669
0.098899 0.62277 0.77613
0.63535 0.53484 0.55703
0.42213 0.54931 0.72116
0.51543 0.60687 0.60501
0.7783 0.59148 0.2107
0.93754 0.2967 0.18162
0.035798 0.48353 0.8746
0.089219 0.55486 0.82715
0.31405 0.94927 0.01584
0.438 0.51158 0.73922
0.60311 0.64084 0.47495
0.41149 0.727 0.54969
0.76118 0.32202 0.56295
0.61563 0.44306 0.65169
0.68842 0.39564 0.6079
0.7891 0.23241 0.56861
0.49654 0.85833 0.12927
0.10395 0.68379 0.72224
0.74901 0.52282 0.407
0.54918 0.5897 0.59216
0.45865 0.79217 0.40262
0.10007 0.39667 0.91249
0.47978 0.8178 0.31782
0.35281 0.88718 0.29739
0.23299 0.64303 0.72954
0.51341 0.8566 0.051423
0.54527 0.44508 0.71034
0.41262 0.6258 0.6619
0.64344 0.69478 0.32134
0.51103 0.7736 0.37469
0.61582 0.46046 0.63933
0.83893 0.14383 0.52489
0.85217 0.34697 0.39169
0.36635 0.89935 0.23866
0.76829 0.522 0.37048
0.67256 0.11712 0.73072
0.58837 0.20028 0.7834
0.62423 0.74909 0.22182
0.21353 0.049133 0.9757
0.25763 0.87333 0.41342
0.30004 0.10455 0.94818
0.69845 0.69972 0.15022
0.64339 0.38114 0.66391
0.82795 0.52397 0.19987
0.72811 0.53323 0.43073
0.98306 0.17787 0.044236
0.0066563 0.66526 0.74658
0.54694 0.54459 0.63583
0.86758 0.12556 0.48118
0.802 0.049331 0.59529
0.0019922 0.26394 0.96454
0.47751 0.02026 0.87839
0.51405 0.52717 0.67664
0.35163 0.63489 0.68795
0.71808 0.57564 0.39115
0.45478 0.73354 0.50507
0.62016 0.68269 0.38643
0.86456 0.1792 0.46949
0.027516 0.69867 0.71492
0.34461 0.21165 0.91457
0.7816 0.55986 0.27507
0.72153 0.21815 0.65712
0.16766 0.61407 0.77123
0.64668 0.0086818 0.76271
0.61051 0.77063 0.18278
0.15707 0.69523 0.70141
0.56188 0.69763 0.44453
0.22426 0.91142 0.34498
0.857 0.47187 0.20709
0.61084 0.6162 0.49717
0.82124 0.10809 0.56026
0.27193 0.73198 0.62471
0.29114 0.59303 0.7507
0.11809 0.9888 0.091311
0.56049 0.0807 0.82422
0.58449 0.56587 0.58151
0.71482 0.67609 0.17871
0.4374 0.17574 0.88193
0.55752 0.81196 0.17288
0.60736 0.55378 0.56959
0.69661 0.45205 0.55712
0.55385 0.82052 0.1414
0.82155 0.57012 0.0049137
0.22755 0.49221 0.84021
0.52969 0.62708 0.57114
0.32861 0.7409 0.58573
0.20967 0.97267 0.099768
0.5604 0.62754 0.54051
0.74225 0.60547 0.28717
0.51333 0.26778 0.81534
0.6433 0.56262 0.51925
0.64896 0.73034 0.2132
0.32959 0.38281 0.86303
0.65363 0.11119 0.7486
0.38689 0.41263 0.82465
0.93914 0.33485 0.076742
0.88361 0.42582 0.1947
0.22461 0.72992 0.64558
0.60603 0.39874 0.68828
0.55643 0.37287 0.74253
0.65854 0.43898 0.61125
0.88903 0.14333 0.43483
0.37026 0.36376 0.85474
0.34683 0.094664 0.93314
0.14803 0.53319 0.83294
0.84962 0.23259 0.47334
0.8372 0.38589 0.38753
0.50373 0.44636 0.7396
0.84787 0.15809 0.50609
0.586 0.53258 0.61071
0.49554 0.54079 0.6797
0.52685 0.23595 0.81655
0.51714 0.56306 0.64462
0.48508 0.068784 0.87176
0.73912 0.29297 0.60652
0.99986 0.015519 0.0062084
0.43228 0.90165 0.012628
0.78184 0.0092695 0.62341
0.19367 0.57616 0.79406
0.94189 0.33171 0.053077
0.66636 0.39841 0.63026
0.69042 0.33008 0.64371
0.80695 0.14654 0.57216
0.49474 0.47188 0.72976
0.63096 0.73646 0.24397
0.68273 0.6875 0.24743
0.73874 0.16798 0.65272
0.30917 0.77712 0.54818
0.32756 0.88689 0.32578
0.69043 0.51939 0.50354
0.10406 0.29379 0.95019
0.80271 0.10444 0.58715
0.54252 0.44634 0.71166
0.79747 0.161 0.58148
0.7321 0.03942 0.68006
0.34635 0.84037 0.41691
0.54138 0.34719 0.76575
0.6091 0.79012 0.068611
0.53926 0.79057 0.29016
0.61393 0.012975 0.78925
0.16462 0.74635 0.64487
0.4616 0.556 0.69122
0.31222 0.76836 0.5587
0.062971 0.78237 0.61962
0.69666 0.20127 0.68859
0.25963 0.82596 0.50038
0.44491 0.22932 0.86571
0.75576 0.40751 0.51261
0.33198 0.82334 0.46032
0.5986 0.69618 0.39625
0.64854 0.66124 0.37704
0.90086 0.4192 0.11277
0.75453 0.65228 0.072215
0.32846 0.67592 0.65973
0.020855 0.96844 0.24839
0.3018 0.53965 0.78594
0.47522 0.37248 0.79714
0.21621 0.68244 0.69824
0.18667 0.41908 0.88856
0.66813 0.73532 0.11358
0.73613 0.056811 0.67445
0.62261 0.3734 0.68769
0.37604 0.68876 0.61984
0.64379 0.15008 0.75034
0.55934 0.47439 0.67978
0.97395 0.22612 0.016977
0.73279 0.31242 0.60449
0.62993 0.67409 0.38573
0.27308 0.69346 0.66674
0.73618 0.045395 0.67526
0.75627 0.44034 0.4839
0.45037 0.37784 0.80895
0.80416 0.28932 0.51925
0.78637 0.43589 0.43774
0.87737 0.16227 0.45154
0.62652 0.77936 0.0082934
0.14817 0.82893 0.53937
0.56458 0.53624 0.62745
0.80307 0.59083 0.077435
0.94424 0.32271 0.065328
0.67877 0.27662 0.68027
0.88408 0.28384 0.37127
0.99831 0.0077309 0.057511
0.22287 0.35285 0.90875
0.4954 0.85166 0.17103
0.56994 0.47597 0.66979
0.83159 0.54701 0.096071
0.81431 0.45257 0.36343
0.43498 0.39252 0.81038
0.56953 0.53498 0.62405
0.088466 0.74898 0.65666
0.11095 0.75724 0.64364
0.18578 0.7852 0.59071
0.66576 0.73346 0.1371
0.44697 0.5827 0.67873
0.57295 0.37214 0.73023
0.51537 0.52515 0.67721
0.15758 0.37072 0.91528
0.40275 0.67508 0.61811
0.65429 0.11371 0.74764
0.9415 0.33284 0.052839
0.65504 0.47371 0.58866
0.59521 0.36867 0.71401
0.64189 0.76483 0.054914
0.8039 0.25316 0.53819
0.68177 0.0075689 0.73153
0.84655 0.45566 0.27519
0.00061204 0.32735 0.9449
0.61104 0.66808 0.42462
0.45402 0.67183 0.58524
0.74348 0.29492 0.60021
0.99452 0.046845 0.093415
0.5497 0.7697 0.32464
0.60233 0.62925 0.49117
0.20498 0.87402 0.44053
0.45512 0.052021 0.88891
0.71792 0.35888 0.59649
0.57699 0.58483 0.57014
0.74845 0.60805 0.26475
0.69523 0.67716 0.24106
0.47038 0.5218 0.71166
0.27779 0.81841 0.50304
0.59613 0.33442 0.72993
0.14014 0.97627 0.16507
0.58519 0.10855 0.8036
0.99535 0.086825 0.041608
0.48108 0.6459 0.59276
0.68632 0.21946 0.6934
0.77814 0.47131 0.41517
0.6214 0.77745 0.097125
0.91455 0.29221 0.27965
0.78524 0.16329 0.59728
0.54226 0.31937 0.77715
0.018189 0.99914 0.037307
0.14035 0.45367 0.88005
0.65496 0.20742 0.72663
0.79065 0.24807 0.55976
0.7471 0.35116 0.56439
0.3811 0.68197 0.62425
0.9091 0.21582 0.35632
0.57402 0.39646 0.71647
0.04385 0.12544 0.99113
0.67336 0.67327 0.30544
0.52824 0.016003 0.84894
0.069474 0.80405 0.5905
0.52432 0.84579 0.098604
0.63115 0.77165 0.078774
0.18205 0.66266 0.72645
0.30845 0.85463 0.41769
0.39064 0.16371 0.90587
0.31312 0.82189 0.47587
0.06404 0.96439 0.2566
0.81206 0.28287 0.51043
0.25043 0.7437 0.61984
0.47707 0.86015 0.18041
0.54224 0.66018 0.51975
0.59594 0.60416 0.52901
0.72077 0.37515 0.58288
0.50204 0.84197 0.19762
0.37569 0.71823 0.58567
0.39553 0.77222 0.49722
0.78369 0.56986 0.24715
0.72896 0.50069 0.46684
0.27091 0.173 0.94693
0.27805 0.12051 0.95298
0.61436 0.27757 0.73859
0.44531 0.5971 0.66721
0.32917 0.71912 0.61198
0.21697 0.73697 0.64016
0.62192 0.47578 0.62197
0.32662 0.91487 0.23735
0.16405 0.89397 0.41701
0.11055 0.63091 0.76794
0.18763 0.4552 0.8704
0.49267 0.78424 0.37715
0.64108 0.10057 0.76086
0.098497 0.60701 0.78857
0.82527 0.45323 0.33691
0.95669 0.079573 0.28001
0.66865 0.65763 0.34703
0.11303 0.99218 0.052889
0.77156 0.47468 0.42353
0.72239 0.64166 0.25773
0.60371 0.52666 0.59847
0.66489 0.61078 0.42996
0.65592 0.26538 0.70664
0.64446 0.56768 0.51226
0.19723 0.83537 0.51308
0.43139 0.1189 0.8943
0.1331 0.10906 0.98508
0.052339 0.45729 0.88778
0.66182 0.36971 0.65216
0.23948 0.77307 0.58738
0.30913 0.74308 0.59353
0.31092 0.29124 0.90472
0.47111 0.29398 0.83164
0.45117 0.59188 0.66792
0.022569 0.81557 0.57822
0.74968 0.56905 0.33787
0.71881 0.32836 0.61278
0.68189 0.070788 0.72802
0.38325 0.9235 0.016364
0.59318 0.77763 0.20839
0.051155 0.89419 0.44475
0.30834 0.10625 0.94533
0.74824 0.66 0.067385
0.41889 0.361 0.83319
0.59453 0.54771 0.58868
0.47279 0.76422 0.43869
0.84618 0.37885 0.37477
0.74533 0.54302 0.3868
0.4817 0.56324 0.67136
0.73931 0.50067 0.45029
0.65977 0.47584 0.58161
0.76895 0.59009 0.246
0.6379 0.18363 0.74791
0.58255 0.51202 0.63124
0.62826 0.43844 0.6427
0.11703 0.19824 0.97314
0.5778 0.47899 0.66084
0.44526 0.58943 0.67403
0.044922 0.71941 0.69314
0.67834 0.71771 0.15728
0.36488 0.035787 0.93037
0.19129 0.058652 0.97978
0.24302 0.93634 0.25339
0.89232 0.44498 0.075888
0.74248 0.42066 0.52132
0.37747 0.63626 0.67283
0.83791 0.33464 0.4312
0.15246 0.78032 0.60651
0.65014 0.62058 0.43841
0.6415 0.7593 0.10929
0.84586 0.49483 0.19915
0.16715 0.58997 0.78994
0.46206 0.75423 0.4665
0.7359 0.18639 0.65093
0.12728 0.55706 0.82066
0.45339 0.88265 0.12392
0.85097 0.29395 0.43526
0.092531 0.34166 0.93526
0.2801 0.87647 0.39159
0.050032 0.9263 0.37344
0.61997 0.26186 0.73964
0.011186 0.65784 0.75308
0.7453 0.16265 0.64659
0.19394 0.97863 0.068408
0.10928 0.93894 0.32628
0.4752 0.65587 0.58652
0.37401 0.59773 0.70911
0.15414 0.75555 0.6367
0.7628 0.61996 0.18383
0.43068 0.46235 0.77508
0.5227 0.12875 0.84274
0.057595 0.5486 0.8341
0.22285 0.6801 0.69843
0.055062 0.23018 0.97159
0.51994 0.44478 0.72927
0.58513 0.5757 0.57114
0.57387 0.035633 0.81817
0.094343 0.99318 0.06847
0.096472 0.91109 0.40076
0.81192 0.58375 0.0045285
0.72966 0.1482 0.66756
0.60041 0.56011 0.57078
0.16961 0.80467 0.56897
0.62934 0.7577 0.17272
0.3179 0.80378 0.50288
0.28075 0.9191 0.27646
0.73801 0.67139 0.067611
0.02506 0.97823 0.206
0.05161 0.99601 0.0728
0.72704 0.52193 0.44609
0.91696 0.3522 0.18748
0.66278 0.49924 0.55811
0.53829 0.52011 0.66312
0.73054 0.57695 0.36528
0.71405 0.69143 0.10982
0.24358 0.842 0.48136
0.46995 0.65311 0.5938
0.6571 0.6316 0.41146
0.38014 0.92405 0.040189
0.31838 0.5977 0.73579
0.99308 0.065488 0.097494
0.38852 0.35027 0.85227
0.63563 0.6067 0.47738
0.65571 0.46969 0.59113
0.091502 0.78676 0.61044
0.16049 0.67834 0.717
0.58453 0.45949 0.66873
0.42551 0.47588 0.76973
0.67522 0.54021 0.50224
0.67405 0.014068 0.73855
0.62079 0.67707 0.39522
0.24778 0.68788 0.68222
0.14912 0.97894 0.1394
0.11585 0.3361 0.93467
0.85669 0.39606 0.33049
0.70728 0.49634 0.50339
0.71209 0.17665 0.6795
0.21507 0.45394 0.86469
0.69771 0.19136 0.69035
0.1998 0.35318 0.91397
0.19616 0.54566 0.81472
0.53517 0.73531 0.41583
0.2994 0.42897 0.85226
0.75891 0.46891 0.45186
0.9615 0.23004 0.15035
0.50441 0.83805 0.20795
0.68046 0.37465 0.62977
0.19351 0.69589 0.69158
0.5389 0.45118 0.71135
0.91298 0.35426 0.2024
0.59836 0.60544 0.52479
0.087802 0.79912 0.59472
0.5117 0.64927 0.56269
0.35877 0.79097 0.49563
0.55524 0.72822 0.40174
0.60835 0.43671 0.66271
0.69554 0.29459 0.65531
0.48178 0.78187 0.39569
0.22164 0.97035 0.096403
0.079694 0.64559 0.75952
0.81819 0.40007 0.41293
0.18905 0.67556 0.71265
0.37135 0.91251 0.17155
0.70586 0.69439 0.1399
0.21226 0.50073 0.83917
0.5681 0.27532 0.77554
0.43518 0.063987 0.89806
0.16944 0.20307 0.96439
0.99192 0.11796 0.046781
0.1393 0.64174 0.75416
0.28273 0.0089727 0.95916
0.2209 0.85151 0.47554
0.43966 0.53231 0.72343
0.79324 0.012302 0.60878
0.37954 0.028453 0.92474
0.11016 0.21904 0.96948
0.15308 0.62028 0.76929
0.86748 0.14074 0.47714
0.65323 0.019374 0.75691
0.50785 0.6118 0.60646
0.93864 0.34465 0.01329
0.44701 0.80666 0.38662
0.56265 0.35363 0.74724
0.73497 0.42323 0.52981
0.67226 0.07647 0.73635
0.79567 0.060246 0.60272
0.32252 0.2677 0.90792
0.63997 0.40713 0.65167
0.18229 0.23443 0.95489
0.2607 0.82404 0.50299
0.51972 0.5584 0.64659
0.41597 0.82204 0.38887
0.76445 0.48603 0.42354
0.79072 0.4399 0.42573
0.67602 0.56027 0.47864
0.037555 0.54141 0.83992
0.5387 0.60976 0.58138
0.56117 0.45405 0.69204
0.4299 0.43893 0.789
0.59725 0.6261 0.50129
0.055401 0.85553 0.51478
0.76297 0.39034 0.51528
0.64066 0.59333 0.48736
0.76024 0.63067 0.15584
0.27602 0.95425 0.11501
0.11569 0.78596 0.60736
0.12646 0.53819 0.83328
0.02759 0.63142 0.77495
0.49014 0.73366 0.47064
0.59452 0.56589 0.57124
0.74622 0.33851 0.5732
0.54697 0.82678 0.13136
0.10673 0.98034 0.16596
0.54145 0.84073 0.00085654
0.27804 0.27922 0.91909
0.24099 0.41672 0.87651
0.52081 0.12484 0.84449
0.15554 0.66521 0.73027
0.83186 0.54786 0.088601
0.41949 0.87097 0.25581
0.23737 0.66099 0.71187
0.27205 0.47126 0.83899
0.50657 0.85919 0.071981
0.42413 0.35199 0.8344
0.6777 0.33466 0.65478
0.58044 0.78924 0.20047
0.5502 0.12279 0.82596
0.19254 0.49146 0.84935
0.19562 0.79057 0.58029
0.87186 0.4891 0.025229
0.7569 0.57287 0.31452
0.46846 0.64895 0.59951
0.6035 0.30648 0.73611
0.61511 0.26255 0.74345
0.17553 0.72372 0.6674
0.55155 0.80581 0.21555
0.76319 0.4719 0.44142
0.12693 0.67029 0.73117
0.28368 0.21286 0.935
0.44172 0.83983 0.31553
0.096242 0.45037 0.88764
0.77885 0.47661 0.40773
0.37358 0.14457 0.91626
0.76658 0.6388 0.065507
0.51287 0.79692 0.3192
0.49238 0.5859 0.64364
0.18732 0.97694 0.10244
0.58008 0.10226 0.80811
0.12856 0.75858 0.63877
0.64813 0.42539 0.63164
0.74997 0.65013 0.12196
0.37695 0.7978 0.47057
0.60511 0.73362 0.30927
0.50448 0.26841 0.82065
0.58044 0.50023 0.64254
0.79505 0.59035 0.13926
0.41776 0.65177 0.63299
0.30362 0.75616 0.57969
0.31233 0.93463 0.17007
0.48679 0.62654 0.60867
0.35898 0.49497 0.79129
0.29625 0.7043 0.64513
0.63092 0.039399 0.77485
0.59591 0.71057 0.37415
0.65943 0.63363 0.40455
0.60137 0.050958 0.79734
0.1568 0.93693 0.31238
0.068693 0.43528 0.89767
0.30019 0.14887 0.94219
0.28382 0.54164 0.79125
0.61673 0.24009 0.74966
0.6983 0.23654 0.67559
0.90502 0.38861 0.17297
0.57118 0.50692 0.64559
0.31043 0.49853 0.80939
0.57108 0.45588 0.68268
0.7427 0.16324 0.64943
0.86367 0.21933 0.45384
0.70599 0.089832 0.7025
0.11961 0.36496 0.92331
0.57251 0.64646 0.50429
0.88077 0.44512 0.1616
0.17656 0.61614 0.76759
0.14037 0.98715 0.076368
0.64406 0.64445 0.41215
0.20479 0.96887 0.13908
0.32245 0.57832 0.74938
0.60797 0.28242 0.74203
0.84023 0.49136 0.22931
0.48068 0.3027 0.82299
0.53996 0.6392 0.5476
0.16929 0.8931 0.41679
0.84232 0.49207 0.21991
0.82905 0.40306 0.38757
0.55245 0.55313 0.62358
0.15128 0.96672 0.2063
0.70094 0.39536 0.59361
0.71604 0.36783 0.59328
0.12944 0.58009 0.8042
0.35285 0.66646 0.65675
0.35897 0.83202 0.42295
0.47426 0.85093 0.22583
0.40207 0.23666 0.88449
0.39551 0.50363 0.76807
0.36297 0.1033 0.92606
0.31766 0.94143 0.11314
0.024881 0.72936 0.68367
0.72503 0.67283 0.14708
0.50334 0.76095 0.40939
0.68387 0.68158 0.26034
0.3018 0.75587 0.58102
0.78507 0.00029103 0.61941
0.72845 0.49581 0.4728
0.57692 0.20756 0.78999
0.82639 0.41182 0.38404
0.32396 0.40972 0.85275
0.98959 0.12627 0.069073
0.20429 0.66782 0.71574
0.063404 0.73938 0.67029
0.57532 0.40735 0.70928
0.88652 0.4466 0.12093
0.50203 0.58425 0.63767
0.64936 0.55886 0.51575
0.34556 0.78961 0.50706
0.38139 0.87142 0.30849
0.91294 0.39879 0.086678
0.29956 0.51564 0.80273
0.9081 0.3865 0.16113
0.73653 0.58133 0.34581
0.64456 0.60248 0.47071
0.37614 0.55485 0.74207
0.76665 0.15141 0.62395
0.59412 0.51383 0.61887
0.88961 0.050396 0.45393
0.10389 0.71735 0.68892
0.65123 0.54954 0.52336
0.62709 0.7763 0.064221
0.39212 0.40561 0.82567
0.75898 0.56704 0.32003
0.18275 0.72741 0.66142
0.82289 0.30598 0.47877
0.86906 0.18616 0.45834
0.35756 0.20782 0.91047
0.17522 0.43132 0.88502
0.049895 0.56989 0.82021
0.41149 0.9063 0.096377
0.24255 0.067606 0.96778
0.64046 0.523 0.56239
0.9005 0.39607 0.17954
0.70482 0.70217 0.10093
0.59345 0.13543 0.79339
0.62865 0.55288 0.54693
0.17422 0.98446 0.02208
0.93619 0.34754 0.05264
0.87257 0.15483 0.4633
0.70937 0.16393 0.68551
0.34311 0.61002 0.71425
0.49679 0.44373 0.74586
